[
    0.0,
    -1,
    0.0
][
    -1,
    0.0,
    0.0
][
    -1,
    0.0,
    0.0
][
    -1,
    0.0,
    0.0
][
    -1,
    0.0,
    0.0
][
    0.0,
    -1,
    0.0
][
    -1,
    0.0,
    0.0
][
    -1,
    0.0,
    0.0
][
    -1,
    0.0,
    0.0
][
    -1,
    0.0,
    0.0
][
    0.0,
    -1,
    0.0
][
    -1,
    0.0,
    0.0
][
    -1,
    0.0,
    0.0
][
    -1,
    0.0,
    0.0
][
    -1,
    0.0,
    0.0
][
    0.0,
    -1,
    0.0
][
    -1,
    0.0,
    0.0
][
    -1,
    0.0,
    0.0
][
    -1,
    0.0,
    0.0
][
    -1,
    0.0,
    0.0
][
    -1,
    0.005011081695556641,
    0.005011081695556641
][
    0.0,
    -1,
    0.0
][
    0.0,
    -1,
    0.0
][
    -1,
    0.0,
    0.0
][
    0.0,
    -1,
    0.0
][
    0.0,
    -1,
    0.0
][
    -1,
    0.0,
    0.0
][
    -1,
    0.0,
    0.0
][
    -1,
    0.0,
    0.0
][
    -1,
    0.0,
    0.0
][
    -1,
    0.0,
    0.0
][
    -1,
    0.0,
    0.0
][
    -1,
    0.0,
    0.0
][
    -1,
    0.0,
    0.0
][
    -1,
    0.0,
    0.0
][
    -1,
    0.0,
    0.0
][
    -1,
    0.0,
    0.0
][
    -1,
    0.0,
    0.0
][
    0.0,
    -1,
    0.0
][
    0.0,
    -1,
    0.0
][
    0.0,
    -1,
    0.0
][
    0.0,
    -1,
    0.0
][
    0.0,
    -1,
    0.0
][
    0.0,
    -1,
    0.0
][
    0.0,
    -1,
    0.0
][
    -1,
    0.0,
    0.0
][
    -1,
    0.0,
    0.0
][
    0.0,
    -1,
    0.0
][
    0.0,
    -1,
    0.0
][
    0.0,
    -1,
    0.0
]